Monthly Mean daily maximum temperature at Newton Rigg Weather Station Cumbria (Jan 2000 to Dec 2019)
Source: Met Office
6.8
7.6
10.1
10.6
16.0
16.8
18.7
18.7
16.7
11.9
8.2
7.4
5.0
6.2
7.0
10.3
17.1
16.5
20.0
19.2
15.6
15.1
9.9
6.6
8.0
8.2
10.6
12.8
14.5
16.6
17.8
19.8
17.1
12.2
9.8
6.3
6.3
7.1
11.5
13.9
14.4
18.6
20.1
20.9
17.4
11.9
10.5
7.6
6.9
7.4
8.9
12.0
16.4
17.8
18.4
19.8
16.8
12.1
9.4
8.5
8.1
6.6
9.9
11.6
14.1
18.3
19.3
18.8
17.1
13.8
8.1
6.7
5.6
6.1
6.7
10.9
15.0
18.8
23.3
18.1
19.0
14.6
10.6
7.5
9.2
8.1
9.9
15.1
15.1
17.9
18.1
18.1
16.2
13.8
10.4
7.3
8.1
9.4
8.3
10.5
17.1
16.7
19.5
18.8
15.7
11.6
8.8
6.1
5.7
6.5
9.4
13.7
14.6
18.7
18.9
18.7
16.4
13.4
9.6
4.8
3.6
4.8
8.9
12.5
14.2
19.1
18.5
18.6
16.9
12.5
6.7
1.4
5.3
7.9
9.8
15.4
14.2
16.6
19.0
17.6
16.8
14.0
11.3
7.4
6.9
6.8
12.4
10.2
15.1
15.3
17.7
18.8
15.4
11.3
8.3
6.0
5.4
5.9
4.8
10.0
13.6
17.6
22.5
19.1
16.0
13.6
8.2
8.8
7.1
7.3
10.2
12.9
14.8
18.6
21.4
17.5
18.3
13.9
10.0
7.3
6.3
6.0
8.6
12.6
12.8
16.9
18.0
18.3
16.3
13.4
10.9
10.6
6.9
6.6
8.9
10.2
16.3
18.7
18.7
18.5
18.0
13.2
7.3
9.0
6.3
7.4
10.5
11.6
16.9
17.4
18.3
17.5
15.2
13.8
8.4
6.6
6.3
5.3
6.8
11.8
17.9
20.5
22.5
18.6
15.8
13.1
10.0
8.1
6.0
10.3
9.8
13.3
14.6
17.1
20.7
19.4
16.4
11.7
7.4
7.6